9 0.1955640535372849 0.5596518987341772 0.057476099426386235 0.10759493670886076 0.21873804971319313 0.6112341772151899 1 0.16806883365200767 0.5596518987341772 1 0.21873804971319313 0.5087025316455697 1
9 0.3100286806883365 0.4148575949367089 0.05332695984703636 0.10762658227848099 0.3332695984703633 0.4665348101265823 1 0.2838432122370937 0.4137658227848101 1 0.3331261950286807 0.3629430379746835 1
9 0.3560468451242829 0.2197784810126582 0.05119502868068835 0.10854430379746835 0.3331261950286807 0.16813291139240508 1 0.3801529636711281 0.21867088607594934 1 0.33347036328871893 0.2715664556962025 1
9 0.4634990439770555 0.21867879746835445 0.05472275334608037 0.10691455696202533 0.48719885277246655 0.16699367088607595 1 0.4370076481835564 0.21925632911392404 1 0.4873709369024857 0.27007911392405065 1
9 0.5108413001912047 0.41518196202531643 0.05661567877629066 0.10906645569620255 0.4869598470363289 0.4663449367088608 1 0.5374952198852773 0.41406645569620254 1 0.48738049713193116 0.3624841772151899 1
9 0.3949904397705545 0.6870490506329114 0.057093690248565934 0.11102848101265825 0.42045889101338435 0.7400632911392405 1 0.36763862332695985 0.6869145569620253 1 0.4201147227533461 0.6334810126582279 1
9 0.6178728489483748 0.2199683544303797 0.053260038240917705 0.10844936708860758 0.5945219885277246 0.16751582278481014 1 0.6429541108986615 0.21875 1 0.5947323135755258 0.2710284810126582 1
9 0.7052963671128107 0.2198496835443038 0.05437858508604206 0.10912974683544306 0.7290822179732314 0.16647151898734175 1 0.6791778202676864 0.21875 1 0.7292925430210325 0.2720727848101266 1
9 0.8491873804971319 0.4518196202531646 0.041969407265774465 0.07572784810126584 0.8673518164435946 0.4881962025316456 1 0.8287476099426386 0.45159810126582284 1 0.8671797323135756 0.41645569620253164 1
9 0.8496606118546846 0.5484651898734177 0.04159655831739961 0.08202531645569626 0.8671797323135756 0.5875316455696202 1 0.8296271510516252 0.5462816455696202 1 0.8675334608030594 0.5091139240506329 1
9 0.8480066921606119 0.6412974683544304 0.04490439770554496 0.07737341772151896 0.8675334608030594 0.6781487341772151 1 0.8264627151051626 0.6409651898734177 1 0.8673518164435946 0.6046677215189873 1
9 0.848776290630975 0.7382120253164557 0.043824091778202706 0.07936708860759488 0.8669980879541109 0.7757278481012658 1 0.8276959847036328 0.7365189873417722 1 0.8671797323135756 0.7008069620253164 1
9 0.07933078393881454 0.5593354430379747 0.060076481835564056 0.1060126582278481 0.05688336520076482 0.609493670886076 1 0.10841300191204589 0.5593354430379747 1 0.05678776290630975 0.5088607594936709 1
9 0.07847992351816444 0.2840981012658228 0.06254302103250477 0.10712025316455699 0.05678776290630975 0.23338607594936708 1 0.10850860420650095 0.28433544303797464 1 0.05678776290630975 0.3346518987341772 1
9 0.1926816443594646 0.28425632911392407 0.06184512428298279 0.10648734177215191 0.21873804971319313 0.23338607594936708 1 0.1632887189292543 0.28417721518987343 1 0.218546845124283 0.335126582278481 1
