9 0.5885499058380413 0.19862700228832952 0.03259259259259257 0.043707093821510286 0.6040803515379787 0.17943935926773458 1 0.5728939108600125 0.17957665903890158 1 0.5887884494664156 0.21884439359267735 1
9 0.7004331450094162 0.18020594965675057 0.023214061519146276 0.05743707093821509 0.6903954802259886 0.15263157894736842 1 0.7114249843063402 0.1799771167048055 1 0.6908349026993095 0.20778032036613273 1
9 0.8091964846202135 0.18032608695652175 0.02278719397363462 0.057883295194508015 0.8189767733835531 0.1524370709382151 1 0.7983866917765222 0.18024027459954234 1 0.8187256748273698 0.20804347826086958 1
9 0.06652856246076586 0.8113958810068651 0.02350282485875706 0.060549199084668145 0.07616446955430006 0.8404233409610984 1 0.05544883866917765 0.8109153318077803 1 0.07616446955430006 0.7828146453089244 1
9 0.23913998744507223 0.8108123569794051 0.02278719397363466 0.06189931350114419 0.2297489014438167 0.8404233409610984 1 0.2496735718769617 0.8107894736842105 1 0.22959196484620215 0.7820366132723112 1
9 0.6803201506591338 0.8111556064073228 0.023791588198367915 0.05709382151029746 0.6906214689265537 0.8370480549199085 1 0.6688198367859385 0.810903890160183 1 0.6904268675455115 0.7840617848970252 1
9 0.8090709353421217 0.8110354691075515 0.022912743251726302 0.057540045766590345 0.8185436283741369 0.8370480549199085 1 0.7980853735091022 0.8105606407322654 1 0.8185436283741369 0.7833752860411899 1
9 0.9480225988700566 0.8111670480549199 0.023854362837413684 0.057757437070938236 0.9581355932203389 0.8384324942791762 1 0.9370998116760828 0.8105606407322654 1 0.9577526679221595 0.7833752860411899 1
9 0.5008474576271186 0.1792219679633867 0.025047080979284354 0.059153318077803226 0.5114375392341495 0.1508466819221968 1 0.4893094789704959 0.17884439359267734 1 0.5114375392341495 0.2058924485125858 1
9 0.36754551161330823 0.1794050343249428 0.023979912115505365 0.059725400457665924 0.35775266792215943 0.1511441647597254 1 0.37878217200251096 0.17929061784897024 1 0.3578154425612053 0.20800915331807782 1
9 0.948210922787194 0.1802745995423341 0.022849968612680533 0.057757437070938236 0.9581355932203389 0.15259725400457666 1 0.9374952919020716 0.18005720823798627 1 0.957984934086629 0.2075171624713959 1
9 0.6809604519774011 0.38998855835240276 0.02444444444444448 0.06304347826086952 0.6907470182046452 0.35965675057208235 1 0.6695919648462022 0.3897025171624714 1 0.6908537350910232 0.4197597254004577 1
9 0.8083490269930946 0.3900343249427917 0.024984306340238516 0.06386727688787185 0.8186817325800377 0.35886727688787184 1 0.7965348399246706 0.3904462242562929 1 0.8186064030131827 0.42065217391304344 1
9 0.9472033898305084 0.3902059496567506 0.025743879472693028 0.06421052631578948 0.9581795354676711 0.3592562929061785 1 0.9350721908349027 0.39029748283752863 1 0.9579598242310107 0.42074370709382153 1
9 0.5215003138731952 0.3899370709382151 0.023917137476459453 0.06273455377574376 0.5111927181418707 0.35981693363844397 1 0.5327997489014438 0.3896910755148741 1 0.5114500941619585 0.4191304347826087 1
9 0.36785938480853736 0.3902288329519451 0.024105461393597045 0.06304347826086959 0.3578154425612053 0.359954233409611 1 0.3791964846202134 0.3901716247139588 1 0.3578531073446327 0.42005720823798626 1
9 0.36804770872567477 0.6002288329519451 0.024733207784055227 0.06018306636155603 0.357532956685499 0.6287070938215104 1 0.3795605775266792 0.6002288329519451 1 0.35768989328311357 0.571395881006865 1
9 0.5012554927809165 0.6000228832951945 0.02423101067168858 0.05974828375286038 0.5114563716258631 0.6281121281464531 1 0.4897614563716259 0.6000343249427917 1 0.5114563716258631 0.5713615560640732 1
9 0.7010043942247333 0.5999427917620137 0.025109855618330193 0.06327231121281465 0.6905838041431261 0.629462242562929 1 0.7126804770872567 0.6001144164759725 1 0.6907721280602637 0.5691647597254005 1
9 0.8082862523540489 0.5998569794050344 0.024984306340238516 0.06298627002288325 0.8187005649717515 0.6298054919908468 1 0.7963276836158192 0.600183066361556 1 0.8187005649717515 0.5702059496567505 1
9 0.9480225988700564 0.5998569794050344 0.024984306340238516 0.06298627002288325 0.958286252354049 0.629462242562929 1 0.9362962962962963 0.600183066361556 1 0.958286252354049 0.5702059496567505 1
9 0.16318267419962335 0.18043478260869564 0.0244193345888261 0.057665903890160186 0.15285624607658507 0.15343249427917618 1 0.1736974262397991 0.1803203661327231 1 0.15304456999372254 0.20743707093821512 1
9 0.06594475831763967 0.5082379862700229 0.023917137476459505 0.05812356979405035 0.07614563716258631 0.48077803203661323 1 0.05511613308223477 0.5084668192219679 1 0.07627118644067797 0.5354691075514875 1
9 0.23995605775266793 0.5082379862700229 0.0244193345888261 0.05789473684210529 0.2297551789077213 0.4814645308924485 1 0.25109855618330196 0.5081235697940504 1 0.22962962962962963 0.5352402745995424 1
