4 0.21524179620034542 0.1199867197875166 0.05552677029360966 0.10717131474103585 0.19006908462867012 0.06892430278884462 1 0.24153713298791019 0.12005312084993361 1 0.19006908462867012 0.17025232403718457 1 0.0 0.0 0 0.0 0.0 0
4 0.8623488773747842 0.3801195219123506 0.05595854922279789 0.11678618857901726 0.8359412780656303 0.32373173970783536 1 0.8887046632124351 0.3798406374501992 1 0.8361226252158894 0.4358964143426295 1 0.0 0.0 0 0.0 0.0 0
4 0.5205094991364422 0.8398937583001329 0.05449050086355778 0.10448871181938904 0.5452245250431779 0.888472775564409 1 0.4944991364421416 0.8403585657370517 1 0.5452245250431779 0.7893891102257635 1 0.0 0.0 0 0.0 0.0 0
4 0.8102763385146804 0.8251261620185922 0.05716753022452498 0.10602921646746352 0.8365889464594127 0.8754316069057105 1 0.782279792746114 0.8253652058432935 1 0.8362780656303972 0.7736520584329348 1 0.0 0.0 0 0.0 0.0 0
4 0.9470639032815199 0.8137715803452855 0.05474956822107089 0.11189907038512616 0.9718911917098446 0.8675962815405046 1 0.9203540587219343 0.8137450199203188 1 0.9718825561312608 0.7591766268260292 1 0.0 0.0 0 0.0 0.0 0
4 0.646545768566494 0.2503718459495352 0.05854922279792752 0.1103054448871182 0.6732210708117444 0.19711819389110227 1 0.6186096718480139 0.2500265604249668 1 0.6727633851468048 0.30387782204515273 1 0.0 0.0 0 0.0 0.0 0
4 0.5329965457685665 0.16323373173970782 0.05614853195164075 0.10707835325365206 0.5582901554404145 0.11123505976095618 1 0.5058290155440415 0.16248339973439574 1 0.5585924006908463 0.21467463479415672 1 0.0 0.0 0 0.0 0.0 0
4 0.34399827288428325 0.6638778220451527 0.05362694300518132 0.11686586985391766 0.31955094991364424 0.7193227091633466 1 0.3697236614853195 0.6640903054448871 1 0.31973229706390327 0.6071580345285524 1 0.0 0.0 0 0.0 0.0 0
4 0.16515544041450778 0.6637450199203186 0.05431778929188254 0.11713147410358564 0.190146804835924 0.7193227091633466 1 0.13905008635578583 0.6640903054448871 1 0.19013816925734026 0.6071580345285524 1 0.0 0.0 0 0.0 0.0 0
4 0.1431735751295337 0.25013280212483396 0.05439550949913643 0.11221779548472775 0.11891191709844559 0.19734395750332004 1 0.168566493955095 0.249800796812749 1 0.1190846286701209 0.30318725099601596 1 0.0 0.0 0 0.0 0.0 0
4 0.29408462867012086 0.1201859229747676 0.05587219343696027 0.1091633466135458 0.31761658031088086 0.06839309428950863 1 0.2675302245250432 0.12005312084993361 1 0.31968911917098447 0.17158034528552454 1 0.0 0.0 0 0.0 0.0 0
4 0.8093264248704664 0.25046480743691896 0.05854922279792752 0.11394422310756974 0.8361226252158894 0.19507304116865867 1 0.781321243523316 0.2499867197875166 1 0.8364939550949914 0.3046480743691899 1 0.0 0.0 0 0.0 0.0 0
4 0.3758635578583765 0.2499535192563081 0.056735751295336825 0.1139840637450199 0.4025906735751295 0.1952191235059761 1 0.3484455958549223 0.250066401062417 1 0.4026770293609672 0.3054448871181939 1 0.0 0.0 0 0.0 0.0 0
