4 0.4550381679389312 0.15358056265984654 0.030992366412213757 0.06598465473145781 0.46854961832061065 0.12199488491048593 1 0.4406106870229008 0.15319693094629155 1 0.4684732824427481 0.1833759590792839 1 0.0 0.0 0 0.0 0.0 0
4 0.9236106870229008 0.34650895140664967 0.032473282442748067 0.061969309462915574 0.9377175572519084 0.31603580562659844 1 0.9079465648854963 0.34654731457800514 1 0.9376335877862595 0.37590792838874676 1 0.0 0.0 0 0.0 0.0 0
4 0.8469007633587786 0.3478388746803069 0.029404580152671743 0.06621483375959075 0.8599541984732824 0.31578005115089514 1 0.8329770992366412 0.3477237851662404 1 0.8599541984732824 0.37966751918158564 1 0.0 0.0 0 0.0 0.0 0
4 0.7444198473282443 0.3478452685421995 0.031007633587786264 0.06364450127877236 0.7583053435114504 0.31709718670076725 1 0.7298396946564886 0.3476470588235294 1 0.7583053435114504 0.3785038363171356 1 0.0 0.0 0 0.0 0.0 0
4 0.6438625954198474 0.34798593350383633 0.028916030534351142 0.06873401534526855 0.6568167938931297 0.31466751918158564 1 0.6301221374045802 0.34771099744245526 1 0.6566335877862596 0.3810613810741688 1 0.0 0.0 0 0.0 0.0 0
4 0.5560534351145039 0.34776854219948855 0.0321679389312977 0.06865728900255755 0.5697404580152672 0.3143606138107417 1 0.5407175572519084 0.34755754475703327 1 0.5697404580152672 0.3807544757033248 1 0.0 0.0 0 0.0 0.0 0
4 0.9243778625954198 0.15273657289002557 0.030801526717557183 0.0633248081841432 0.9379770992366412 0.12198209718670076 1 0.9096030534351145 0.15253196930946292 1 0.937793893129771 0.18308184143222506 1 0.0 0.0 0 0.0 0.0 0
4 0.8467137404580154 0.15225063938618927 0.02900000000000001 0.06531969309462915 0.8593664122137404 0.12042199488491048 1 0.8326641221374046 0.15222506393861893 1 0.8594580152671757 0.18308184143222506 1 0.0 0.0 0 0.0 0.0 0
4 0.7462480916030535 0.15373401534526854 0.027259541984732853 0.060562659846547316 0.7582977099236641 0.12437340153452686 1 0.7333664122137404 0.1530434782608696 1 0.7581145038167939 0.18312020460358056 1 0.0 0.0 0 0.0 0.0 0
4 0.6444618320610687 0.1534526854219949 0.028022900763358807 0.06368286445012789 0.6566335877862596 0.12217391304347827 1 0.6311450381679389 0.1528772378516624 1 0.6568167938931297 0.18404092071611253 1 0.0 0.0 0 0.0 0.0 0
4 0.5583091603053435 0.15324168797953963 0.027045801526717605 0.06589514066496163 0.5698167938931298 0.12125319693094629 1 0.545442748091603 0.15319693094629155 1 0.5698167938931298 0.185153452685422 1 0.0 0.0 0 0.0 0.0 0
4 0.2528587786259542 0.3473976982097186 0.029549618320610715 0.07221227621483373 0.26545038167938934 0.3128644501278772 1 0.23878625954198474 0.34767263427109973 1 0.26545038167938934 0.3822122762148337 1 0.0 0.0 0 0.0 0.0 0
4 0.07366412213740459 0.34798593350383633 0.02641221374045801 0.06003836317135552 0.06258015267175573 0.3192710997442455 1 0.08615267175572519 0.34771099744245526 1 0.06258015267175573 0.3766751918158568 1 0.0 0.0 0 0.0 0.0 0
4 0.45580152671755725 0.3480179028132992 0.029770992366412213 0.06483375959079282 0.4683206106870229 0.31751918158567777 1 0.44183206106870226 0.34782608695652173 1 0.4684732824427481 0.3774936061381074 1 0.0 0.0 0 0.0 0.0 0
4 0.25285114503816797 0.1534526854219949 0.03318320610687025 0.0639386189258312 0.2653435114503817 0.12365728900255755 1 0.23748091603053437 0.15358056265984654 1 0.2654961832061069 0.18286445012787725 1 0.0 0.0 0 0.0 0.0 0
4 0.0751145038167939 0.1535166240409207 0.029465648854961838 0.06662404092071611 0.06251908396946565 0.1221227621483376 1 0.08829770992366412 0.1534398976982097 1 0.06267175572519083 0.18427109974424552 1 0.0 0.0 0 0.0 0.0 0
