0 0.8226600000000001 0.39985915492957746 0.03358666666666674 0.17737089201877934 0.8228933333333333 0.3162910798122066 1 0.8228933333333333 0.48481220657276997 1 0.0 0.0 0 0.0 0.0 0 0.0 0.0 0
1 0.38281333333333334 0.3978755868544601 0.06301333333333332 0.07650234741784039 0.3831733333333333 0.4284976525821596 1 0.3835333333333333 0.36471830985915493 1 0.0 0.0 0 0.0 0.0 0 0.0 0.0 0
3 0.66092 0.43928403755868545 0.05429333333333329 0.18894366197183102 0.6858133333333334 0.5283098591549296 1 0.6351600000000001 0.4468309859154929 1 0.6853733333333333 0.3481455399061033 1 0.0 0.0 0 0.0 0.0 0
2 0.9049933333333333 0.8778521126760565 0.03332000000000001 0.18622065727699527 0.9044800000000001 0.967206572769953 1 0.9044800000000001 0.7893192488262911 1 0.0 0.0 0 0.0 0.0 0 0.0 0.0 0
5 0.16419333333333333 0.10345070422535212 0.06171999999999999 0.15915492957746477 0.16472 0.17713615023474177 1 0.16385333333333332 0.030985915492957743 1 0.0 0.0 0 0.0 0.0 0 0.0 0.0 0
5 0.16441333333333333 0.44126760563380285 0.06301333333333332 0.18286384976525824 0.16427999999999998 0.5252816901408451 1 0.16297333333333333 0.35769953051643194 1 0.0 0.0 0 0.0 0.0 0 0.0 0.0 0
3 0.6607333333333333 0.6413849765258216 0.05466666666666659 0.17802816901408444 0.68596 0.5559154929577464 1 0.6355866666666666 0.6401877934272301 1 0.6856533333333333 0.7249765258215962 1 0.0 0.0 0 0.0 0.0 0
3 0.4645466666666667 0.8289906103286384 0.06616000000000001 0.19032863849765255 0.49328 0.9195539906103287 1 0.43424 0.8329342723004695 1 0.4934666666666667 0.7367136150234741 1 0.0 0.0 0 0.0 0.0 0
0 0.4936266666666667 0.642394366197183 0.034 0.17352112676056342 0.49356 0.5637793427230047 1 0.4940133333333333 0.7234272300469484 1 0.0 0.0 0 0.0 0.0 0 0.0 0.0 0
0 0.49346 0.3973826291079813 0.03337333333333337 0.17626760563380284 0.49288000000000004 0.3145774647887324 1 0.4924266666666667 0.4806103286384977 1 0.0 0.0 0 0.0 0.0 0 0.0 0.0 0
0 0.27390000000000003 0.831537558685446 0.10052000000000003 0.06147887323943661 0.22541333333333333 0.8316197183098591 1 0.32176 0.8336150234741784 1 0.0 0.0 0 0.0 0.0 0 0.0 0.0 0
