7 0.6853119266055046 0.9311279229711142 0.030660550458715664 0.03389270976616229 0.6851467889908256 0.9159284731774415 1 0.0 0.0 0 0.0 0.0 0 0.0 0.0 0 0.0 0.0 0
4 0.18857798165137615 0.30016506189821185 0.04339449541284402 0.07972489683631359 0.17010091743119266 0.2617881705639615 1 0.2088256880733945 0.30017881705639615 1 0.17073394495412844 0.33713892709766163 1 0.0 0.0 0 0.0 0.0 0
4 0.6122935779816514 0.3001375515818432 0.046055045871559674 0.08390646492434663 0.6322018348623853 0.2607977991746905 1 0.5906422018348624 0.3005502063273728 1 0.6320183486238532 0.33975240715268223 1 0.0 0.0 0 0.0 0.0 0
4 0.6668807339449542 0.19580467675378266 0.044587155963302774 0.08624484181568086 0.6857798165137615 0.15474552957359008 1 0.6456880733944954 0.19628610729023382 1 0.6855963302752294 0.23727647867950483 1 0.0 0.0 0 0.0 0.0 0
4 0.5261467889908257 0.1965612104539202 0.047155963302752374 0.08060522696011004 0.5464220183486239 0.15859697386519944 1 0.5041284403669725 0.19642365887207705 1 0.5464220183486239 0.2341127922971114 1 0.0 0.0 0 0.0 0.0 0
4 0.37747706422018346 0.19752407152682255 0.045779816513761444 0.07812929848693259 0.35807339449541287 0.16038514442916094 1 0.398348623853211 0.19793672627235215 1 0.35853211009174313 0.2343878954607978 1 0.0 0.0 0 0.0 0.0 0
7 0.17088073394495412 0.9272558459422283 0.030660550458715585 0.033356258596973866 0.17060550458715598 0.912544704264099 1 0.0 0.0 0 0.0 0.0 0 0.0 0.0 0 0.0 0.0 0
7 0.35316972477064223 0.9274346629986245 0.031605504587155955 0.034071526822558436 0.3536788990825688 0.9122420907840441 1 0.0 0.0 0 0.0 0.0 0 0.0 0.0 0 0.0 0.0 0
7 0.5409678899082568 0.931423658872077 0.030779816513761427 0.032475928473177464 0.5408348623853211 0.9168363136176065 1 0.0 0.0 0 0.0 0.0 0 0.0 0.0 0 0.0 0.0 0
0 0.17061926605504588 0.8066643741403026 0.02386238532110091 0.08922971114167813 0.17057798165137616 0.7638514442916094 1 0.1708073394495413 0.8492159559834938 1 0.0 0.0 0 0.0 0.0 0 0.0 0.0 0
0 0.6859678899082569 0.6878266850068775 0.02624770642201836 0.08762035763411277 0.6855871559633027 0.6452407152682256 1 0.6857798165137615 0.7302888583218706 1 0.0 0.0 0 0.0 0.0 0 0.0 0.0 0
8 0.26357798165137614 0.4511279229711142 0.10770642201834862 0.15771664374140307 0.2632660550458715 0.37634112792297114 1 0.2874128440366972 0.5260522696011004 1 0.239697247706422 0.5264924346629987 1 0.0 0.0 0 0.0 0.0 0
8 0.4518440366972477 0.44950481430536454 0.10645871559633024 0.16145804676753783 0.4517706422018349 0.3713067400275103 1 0.47563302752293585 0.525433287482806 1 0.42791743119266057 0.5258734525447043 1 0.0 0.0 0 0.0 0.0 0
0 0.5473899082568807 0.6390302613480054 0.02969724770642202 0.08856946354883079 0.5465871559633028 0.5961760660247593 1 0.5466788990825688 0.6818707015130674 1 0.0 0.0 0 0.0 0.0 0 0.0 0.0 0
