4 0.17174484052532832 0.23332938388625593 0.06956848030018761 0.07708530805687204 0.1405253283302064 0.19834123222748815 1 0.20318949343339587 0.2329383886255924 1 0.14071294559099437 0.26800947867298575 1 0.0 0.0 0 0.0 0.0 0
4 0.7441838649155722 0.16424170616113745 0.06923076923076929 0.07436018957345972 0.7741088180112571 0.1300947867298578 1 0.7115947467166979 0.1638388625592417 1 0.773921200750469 0.19881516587677728 1 0.0 0.0 0 0.0 0.0 0
4 0.3694183864915572 0.1641706161137441 0.0727954971857411 0.08113744075829386 0.3380863039399625 0.12654028436018958 1 0.40393996247654784 0.164218009478673 1 0.33883677298311443 0.20118483412322277 1 0.0 0.0 0 0.0 0.0 0
4 0.5478424015009381 0.16400473933649287 0.06716697936210123 0.07388625592417061 0.5778611632270169 0.1300947867298578 1 0.5163227016885553 0.16398104265402844 1 0.5778611632270169 0.1981042654028436 1 0.0 0.0 0 0.0 0.0 0
4 0.8763696060037524 0.3517772511848341 0.06377110694183867 0.07796208530805689 0.904108818011257 0.3153791469194313 1 0.8459474671669793 0.3513981042654028 1 0.9039212007504691 0.38836492890995256 1 0.0 0.0 0 0.0 0.0 0
7 0.14074108818011258 0.95 0.06921200750469042 0.05061611374407573 0.14073170731707318 0.9266350710900474 1 0.0 0.0 0 0.0 0.0 0 0.0 0.0 0 0.0 0.0 0
7 0.26061913696060035 0.9498104265402844 0.06923076923076926 0.04947867298578198 0.2603189493433396 0.9270142180094787 1 0.0 0.0 0 0.0 0.0 0 0.0 0.0 0 0.0 0.0 0
7 0.33896810506566605 0.9505568720379147 0.06686679174484056 0.04798578199052133 0.3383864915572233 0.9285071090047393 1 0.0 0.0 0 0.0 0.0 0 0.0 0.0 0 0.0 0.0 0
7 0.49997185741088185 0.9494668246445497 0.06786116322701687 0.051966824644549776 0.4991932457786116 0.9262559241706161 1 0.0 0.0 0 0.0 0.0 0 0.0 0.0 0 0.0 0.0 0
7 0.5784333958724203 0.9494668246445497 0.06786116322701681 0.051966824644549776 0.5769606003752344 0.9251421800947868 1 0.0 0.0 0 0.0 0.0 0 0.0 0.0 0 0.0 0.0 0
7 0.7737523452157598 0.9492061611374407 0.07166979362101311 0.05248815165876772 0.7712382739212007 0.9261137440758294 1 0.0 0.0 0 0.0 0.0 0 0.0 0.0 0 0.0 0.0 0
8 0.4555253283302064 0.4520379146919431 0.12827392120075048 0.19995260663507108 0.45534709193245776 0.3573222748815166 1 0.48180112570356476 0.5469431279620853 1 0.43193245778611633 0.5450236966824644 1 0.0 0.0 0 0.0 0.0 0
8 0.23162288930581615 0.45249999999999996 0.12606003752345218 0.20087677725118486 0.23189493433395872 0.3573222748815166 1 0.25887429643527204 0.5475829383886256 1 0.20797373358348967 0.5475829383886256 1 0.0 0.0 0 0.0 0.0 0
0 0.14126641651031896 0.7132701421800948 0.030525328330206398 0.10393364928909955 0.14046904315196998 0.7596445497630332 1 0.14046904315196998 0.6662559241706162 1 0.0 0.0 0 0.0 0.0 0 0.0 0.0 0
0 0.7716041275797373 0.5799052132701422 0.030750469043151943 0.10312796208530808 0.7716322701688555 0.6275355450236967 1 0.7716322701688555 0.5324644549763032 1 0.0 0.0 0 0.0 0.0 0 0.0 0.0 0
0 0.5792495309568481 0.6629028436018958 0.032007504690431524 0.10097156398104269 0.5786116322701688 0.614691943127962 1 0.5789868667917449 0.7109004739336493 1 0.0 0.0 0 0.0 0.0 0 0.0 0.0 0
