7 0.6052477477477478 0.9735438596491229 0.06079579579579572 0.0376140350877192 0.605 0.9557543859649122 1 0.0 0.0 0 0.0 0.0 0 0.0 0.0 0 0.0 0.0 0
1 0.7426726726726727 0.6677543859649123 0.08003003003002997 0.09140350877192986 0.706066066066066 0.6679122807017543 1 0.7755555555555556 0.6686491228070175 1 0.0 0.0 0 0.0 0.0 0 0.0 0.0 0
1 0.24287537537537537 0.563342105263158 0.080015015015015 0.09085964912280706 0.2072822822822823 0.5621228070175439 1 0.2774024024024024 0.5617543859649122 1 0.0 0.0 0 0.0 0.0 0 0.0 0.0 0
7 0.8750675675675675 0.9728070175438597 0.055570570570570556 0.03663157894736861 0.8754204204204203 0.955578947368421 1 0.0 0.0 0 0.0 0.0 0 0.0 0.0 0 0.0 0.0 0
7 0.37962462462462465 0.9221842105263157 0.058258258258258276 0.0438070175438597 0.379024024024024 0.901719298245614 1 0.0 0.0 0 0.0 0.0 0 0.0 0.0 0 0.0 0.0 0
0 0.8746396396396396 0.8024649122807017 0.03513513513513527 0.1562280701754386 0.8762312312312313 0.7267543859649123 1 0.8752402402402402 0.8776842105263157 1 0.0 0.0 0 0.0 0.0 0 0.0 0.0 0
0 0.37924924924924924 0.40225438596491225 0.03711711711711711 0.14285964912280702 0.3792042042042042 0.3322280701754386 1 0.3798498498498498 0.4713333333333334 1 0.0 0.0 0 0.0 0.0 0 0.0 0.0 0
0 0.38021021021021023 0.7210877192982456 0.039879879879879884 0.14080701754385963 0.3794294294294294 0.652280701754386 1 0.37924924924924924 0.7890350877192982 1 0.0 0.0 0 0.0 0.0 0 0.0 0.0 0
0 0.6061111111111112 0.8024999999999999 0.04093093093093092 0.13366666666666666 0.6052702702702702 0.7367894736842105 1 0.6052702702702702 0.867157894736842 1 0.0 0.0 0 0.0 0.0 0 0.0 0.0 0
3 0.5523423423423424 0.5610701754385964 0.11465465465465467 0.1770877192982456 0.6062462462462462 0.6462631578947369 1 0.4987087087087087 0.5626666666666668 1 0.6066366366366366 0.4753508771929824 1 0.0 0.0 0 0.0 0.0 0
