4 0.07901706886403767 0.18747368421052632 0.028781636256621536 0.06715789473684211 0.06583872866391995 0.21961052631578948 1 0.09266627427898765 0.21082105263157894 1 0.06602707474985287 0.15474736842105263 1 0.0 0.0 0 0.0 0.0 0
4 0.3281047675103002 0.18801578947368422 0.027839905826957074 0.06838947368421053 0.3154267216009417 0.22107368421052634 1 0.3414008240141259 0.2113578947368421 1 0.31558563861094757 0.15476842105263158 1 0.0 0.0 0 0.0 0.0 0
1 0.18640082401412594 0.17190526315789473 0.023466745144202474 0.029031578947368405 0.1862978222483814 0.1586421052631579 1 0.18619776339022956 0.18518947368421054 1 0.0 0.0 0 0.0 0.0 0 0.0 0.0 0
7 0.1349911712772219 0.9797631578947368 0.019552678045909357 0.019736842105263157 0.1348087110064744 0.9710842105263158 1 0.0 0.0 0 0.0 0.0 0 0.0 0.0 0 0.0 0.0 0
4 0.6727781047675103 0.18705263157894736 0.02948793407886987 0.06736842105263158 0.6858210712183638 0.21946315789473686 1 0.6585932901706887 0.21102105263157894 1 0.6856621542083579 0.15485263157894738 1 0.0 0.0 0 0.0 0.0 0
4 0.7755385520894643 0.18695789473684213 0.03008828722778112 0.06709473684210525 0.7888699234844025 0.21954736842105263 1 0.7610123602118893 0.21096842105263156 1 0.788875809299588 0.15423157894736844 1 0.0 0.0 0 0.0 0.0 0
4 0.7759858740435551 0.5563684210526315 0.028369629193643345 0.07273684210526318 0.7890641553855209 0.5918105263157895 1 0.7623013537374927 0.5335157894736842 1 0.7889287816362567 0.5207263157894737 1 0.0 0.0 0 0.0 0.0 0
4 0.4567981165391407 0.8339578947368421 0.02707474985285462 0.0701894736842106 0.44464979399646853 0.8675894736842106 1 0.4698410829899941 0.8104421052631579 1 0.4445732783990583 0.7997473684210527 1 0.0 0.0 0 0.0 0.0 0
4 0.5786344908769865 0.833978947368421 0.02954679223072398 0.06976842105263155 0.565079458505003 0.8675894736842106 1 0.5927074749852854 0.8104421052631579 1 0.5651559741024132 0.7997473684210527 1 0.0 0.0 0 0.0 0.0 0
4 0.6732195409064156 0.834078947368421 0.028251912889935255 0.07005263157894732 0.6858740435550323 0.8681052631578948 1 0.6592701589170099 0.8104210526315789 1 0.6856974690994703 0.8001052631578948 1 0.0 0.0 0 0.0 0.0 0
4 0.8357268981753974 0.8340052631578948 0.02742789876397889 0.07022105263157886 0.823284284873455 0.8678315789473685 1 0.8489935256032961 0.8104842105263158 1 0.823284284873455 0.7996210526315789 1 0.0 0.0 0 0.0 0.0 0
4 0.45785756327251326 0.1726842105263158 0.028840494408475574 0.06810526315789475 0.44467333725721014 0.14010526315789473 1 0.4713949381989405 0.1954736842105263 1 0.44467333725721014 0.20557894736842106 1 0.0 0.0 0 0.0 0.0 0
0 0.9438728663919952 0.18666842105263157 0.017622130665097015 0.08523157894736842 0.943678634490877 0.14533684210526315 1 0.944043555032372 0.22755789473684213 1 0.0 0.0 0 0.0 0.0 0 0.0 0.0 0
0 0.22954973513831664 0.8476052631578948 0.016462625073572705 0.08523157894736845 0.2296174220129488 0.8063157894736842 1 0.2296174220129488 0.888821052631579 1 0.0 0.0 0 0.0 0.0 0 0.0 0.0 0
0 0.1352354326074161 0.8480736842105264 0.016980576809888168 0.0800631578947369 0.13492054149499705 0.8097368421052632 1 0.13503825779870512 0.8861473684210527 1 0.0 0.0 0 0.0 0.0 0 0.0 0.0 0
0 0.06585638610947617 0.8482894736842105 0.01635079458505003 0.08049473684210529 0.06632136550912301 0.886578947368421 1 0.06608004708652149 0.8093157894736842 1 0.0 0.0 0 0.0 0.0 0 0.0 0.0 0
0 0.06642142436727487 0.4222157894736842 0.016291936433195993 0.08306315789473687 0.06600353148911124 0.3818947368421053 1 0.06600353148911124 0.46123157894736844 1 0.0 0.0 0 0.0 0.0 0 0.0 0.0 0
0 0.17008828722778105 0.49592631578947366 0.019105356091818706 0.08183157894736844 0.16935844614479106 0.45621052631578946 1 0.16914655679811655 0.5353684210526316 1 0.0 0.0 0 0.0 0.0 0 0.0 0.0 0
4 0.5526486168334315 0.17200000000000001 0.027839905826957074 0.06821052631578949 0.5652736904061212 0.1391578947368421 1 0.5395526780459093 0.19526315789473683 1 0.5652736904061212 0.20463157894736841 1 0.0 0.0 0 0.0 0.0 0
4 0.457533843437316 0.43399999999999994 0.02819305473808121 0.06757894736842104 0.4447910535609182 0.46578947368421053 1 0.47062978222483814 0.4109473684210526 1 0.44473219540906417 0.4022105263157895 1 0.0 0.0 0 0.0 0.0 0
4 0.5525897586815773 0.4341052631578947 0.02819305473808121 0.07073684210526314 0.5653325485579753 0.46821052631578947 1 0.5393761035903473 0.4105263157894737 1 0.5653325485579753 0.40010526315789474 1 0.0 0.0 0 0.0 0.0 0
4 0.9305473808122425 0.8340052631578948 0.028605061801059394 0.0702421052631578 0.9437904649793997 0.8680947368421054 1 0.9168393172454385 0.8108 1 0.9437904649793997 0.7998842105263158 1 0.0 0.0 0 0.0 0.0 0
