7 0.8139439252336449 0.8849239864864865 0.04613084112149534 0.03721283783783779 0.8136448598130841 0.8687499999999999 1 0.0 0.0 0 0.0 0.0 0 0.0 0.0 0 0.0 0.0 0
4 0.6057383177570094 0.8029560810810811 0.07988785046728973 0.07989864864864867 0.5709906542056075 0.8413851351351351 1 0.6437009345794392 0.8032094594594594 1 0.5711775700934579 0.7657094594594595 1 0.0 0.0 0 0.0 0.0 0
4 0.7790560747663551 0.578133445945946 0.08147663551401864 0.07619932432432434 0.8138317757009346 0.6147635135135135 1 0.74 0.578277027027027 1 0.8142056074766355 0.5422972972972974 1 0.0 0.0 0 0.0 0.0 0
4 0.7829906542056074 0.3810050675675676 0.07214953271028031 0.0751858108108108 0.8137570093457944 0.34489864864864866 1 0.748411214953271 0.38141891891891894 1 0.8148785046728971 0.4166891891891892 1 0.0 0.0 0 0.0 0.0 0
4 0.7812429906542057 0.8026942567567568 0.0767663551401869 0.07981418918918919 0.8134205607476636 0.8407094594594594 1 0.7438878504672898 0.8028716216216216 1 0.8132336448598131 0.7646959459459459 1 0.0 0.0 0 0.0 0.0 0
4 0.48274766355140186 0.5785304054054055 0.08362616822429902 0.07503378378378381 0.4466168224299065 0.5425337837837838 1 0.5225046728971963 0.5781756756756756 1 0.4481121495327103 0.6143243243243244 1 0.0 0.0 0 0.0 0.0 0
4 0.2700373831775701 0.5789864864864864 0.07626168224299068 0.07885135135135136 0.3019065420560748 0.5411148648648648 1 0.2336822429906542 0.5784459459459459 1 0.3020934579439252 0.6169594594594595 1 0.0 0.0 0 0.0 0.0 0
4 0.6063551401869158 0.5785472972972973 0.07962616822429901 0.07736486486486478 0.5717757009345794 0.6151013513513514 1 0.6439252336448598 0.5786148648648649 1 0.5717757009345794 0.5416216216216216 1 0.0 0.0 0 0.0 0.0 0
4 0.772233644859813 0.2039695945945946 0.09601869158878505 0.08091216216216215 0.8141121495327103 0.1652027027027027 1 0.7257570093457943 0.20410472972972973 1 0.8132897196261683 0.24244932432432434 1 0.0 0.0 0 0.0 0.0 0
4 0.6085607476635515 0.20390202702702703 0.08441121495327107 0.07800675675675676 0.5714018691588785 0.1670608108108108 1 0.6433644859813084 0.20388513513513515 1 0.5710280373831775 0.24003378378378376 1 0.0 0.0 0 0.0 0.0 0
4 0.6071028037383177 0.3816722972972973 0.08261682242990652 0.07584459459459461 0.5710280373831775 0.34594594594594597 1 0.645233644859813 0.38158783783783784 1 0.5714018691588785 0.4168918918918919 1 0.0 0.0 0 0.0 0.0 0
4 0.4091121495327103 0.38125 0.08648598130841118 0.07804054054054058 0.3742056074766355 0.34425675675675677 1 0.4497196261682243 0.3810810810810811 1 0.3730841121495327 0.4173986486486486 1 0.0 0.0 0 0.0 0.0 0
4 0.40962616822429904 0.20371621621621622 0.08429906542056073 0.0797297297297297 0.3742056074766355 0.16739864864864865 1 0.4485420560747663 0.2039695945945946 1 0.3742056074766355 0.24037162162162165 1 0.0 0.0 0 0.0 0.0 0
7 0.5707196261682242 0.8851266891891892 0.04764485981308413 0.038158783783783644 0.5712897196261681 0.8683783783783785 1 0.0 0.0 0 0.0 0.0 0 0.0 0.0 0 0.0 0.0 0
