8 0.17206278026905827 0.4397095435684647 0.08609865470852017 0.18103734439834024 0.17169282511210762 0.3519502074688796 1 0.19115470852017935 0.5260580912863071 1 0.1552242152466368 0.5260580912863071 1 0.0 0.0 0 0.0 0.0 0
8 0.3276625560538116 0.43624481327800835 0.08534753363228696 0.1842738589211618 0.3264125560538117 0.345954356846473 1 0.3458744394618834 0.5242116182572614 1 0.31019058295964125 0.5242116182572614 1 0.0 0.0 0 0.0 0.0 0
0 0.5465414798206278 0.7444294605809129 0.022455156950672614 0.09977178423236521 0.5462219730941704 0.6971161825726141 1 0.5468497757847534 0.7906224066390041 1 0.0 0.0 0 0.0 0.0 0 0.0 0.0 0
0 0.41312780269058297 0.6480082987551868 0.023363228699551604 0.10307053941908716 0.41224215246636775 0.5985477178423236 1 0.41237668161434976 0.6968879668049792 1 0.0 0.0 0 0.0 0.0 0 0.0 0.0 0
0 0.10887892376681615 0.703195020746888 0.02141255605381167 0.09775933609958508 0.10919282511210764 0.6561410788381743 1 0.10933856502242152 0.7493983402489626 1 0.0 0.0 0 0.0 0.0 0 0.0 0.0 0
7 0.10900224215246636 0.9374170124481328 0.047914798206278024 0.05172199170124483 0.10893497757847534 0.9143360995850622 1 0.0 0.0 0 0.0 0.0 0 0.0 0.0 0 0.0 0.0 0
7 0.19292600896860987 0.9384128630705394 0.04966367713004485 0.05363070539419092 0.19191704035874438 0.9143360995850622 1 0.0 0.0 0 0.0 0.0 0 0.0 0.0 0 0.0 0.0 0
7 0.24658071748878924 0.9367946058091287 0.050156950672645716 0.058609958506224066 0.2459865470852018 0.9108713692946059 1 0.0 0.0 0 0.0 0.0 0 0.0 0.0 0 0.0 0.0 0
7 0.3577690582959641 0.9378008298755186 0.047623318385650246 0.05543568464730284 0.35808295964125564 0.9131742738589211 1 0.0 0.0 0 0.0 0.0 0 0.0 0.0 0 0.0 0.0 0
7 0.411732062780269 0.9389522821576765 0.04906950672645738 0.056950207468879646 0.41215246636771297 0.9127800829875519 1 0.0 0.0 0 0.0 0.0 0 0.0 0.0 0 0.0 0.0 0
7 0.5467040358744394 0.9424273858921162 0.049910313901345336 0.054647302904564383 0.5467040358744395 0.9177800829875519 1 0.0 0.0 0 0.0 0.0 0 0.0 0.0 0 0.0 0.0 0
4 0.26716928251121075 0.14564315352697096 0.04823991031390131 0.07136929460580914 0.24585201793721975 0.11265560165975103 1 0.2899103139013453 0.14564315352697096 1 0.24573991031390133 0.17863070539419085 1 0.0 0.0 0 0.0 0.0 0
4 0.1290134529147982 0.21515560165975103 0.045695067264573994 0.06844398340248964 0.10893497757847534 0.18248962655601658 1 0.1506390134529148 0.21485477178423237 1 0.10871076233183856 0.24763485477178424 1 0.0 0.0 0 0.0 0.0 0
4 0.7274719730941703 0.14596473029045645 0.04528026905829595 0.06657676348547718 0.7473654708520179 0.17775933609958508 1 0.7055493273542601 0.14560165975103737 1 0.746804932735426 0.11427385892116182 1 0.0 0.0 0 0.0 0.0 0
4 0.8330829596412557 0.3089107883817427 0.04576233183856495 0.06139004149377594 0.8528026905829597 0.3381742738589212 1 0.8112107623318386 0.308298755186722 1 0.8525784753363229 0.2796680497925311 1 0.0 0.0 0 0.0 0.0 0
4 0.6173766816143498 0.3091286307053942 0.04573991031390142 0.058091286307053944 0.6373318385650224 0.28236514522821576 1 0.5952914798206278 0.3091286307053942 1 0.6373318385650224 0.33589211618257264 1 0.0 0.0 0 0.0 0.0 0
4 0.5272982062780269 0.14533195020746886 0.04652466367713005 0.06535269709543569 0.5479820627802691 0.11556016597510374 1 0.5050448430493274 0.14564315352697096 1 0.5477578475336323 0.17510373443983404 1 0.0 0.0 0 0.0 0.0 0
4 0.39058295964125556 0.14533195020746886 0.04843049327354259 0.06950207468879668 0.41199551569506726 0.11348547717842324 1 0.36782511210762336 0.1454356846473029 1 0.4117713004484305 0.17738589211618258 1 0.0 0.0 0 0.0 0.0 0
0 0.54722533632287 0.6091493775933611 0.021221973094170347 0.09360995850622407 0.54652466367713 0.5639004149377593 1 0.5466367713004484 0.653941908713693 1 0.0 0.0 0 0.0 0.0 0 0.0 0.0 0
