4 0.6984605263157895 0.6158783783783783 0.054114035087719344 0.09720077220077214 0.7238245614035087 0.6612741312741313 1 0.6724561403508772 0.6158687258687259 1 0.7235175438596491 0.5697683397683397 1 0.0 0.0 0 0.0 0.0 0
0 0.036728070175438596 0.6435135135135135 0.020807017543859645 0.1464864864864865 0.041605263157894735 0.5716023166023165 1 0.041605263157894735 0.7131081081081081 1 0.0 0.0 0 0.0 0.0 0 0.0 0.0 0
0 0.036228070175438595 0.8158301158301159 0.021140350877192984 0.14393822393822395 0.0412280701754386 0.7456370656370657 1 0.04148245614035088 0.8852123552123553 1 0.0 0.0 0 0.0 0.0 0 0.0 0.0 0
0 0.8957017543859649 0.8119787644787645 0.022052631578947456 0.1400965250965251 0.8997280701754387 0.743976833976834 1 0.899877192982456 0.878069498069498 1 0.0 0.0 0 0.0 0.0 0 0.0 0.0 0
0 0.7177412280701754 0.2262934362934363 0.018973684210526313 0.14799227799227802 0.7235526315789473 0.15353281853281853 1 0.7238070175438597 0.2975289575289575 1 0.0 0.0 0 0.0 0.0 0 0.0 0.0 0
1 0.8245789473684211 0.15824324324324324 0.03394736842105267 0.055714285714285716 0.8246491228070175 0.132007722007722 1 0.8246491228070175 0.18388030888030887 1 0.0 0.0 0 0.0 0.0 0 0.0 0.0 0
4 0.5320175438596492 0.49049227799227796 0.050350877192982535 0.09430501930501929 0.5087719298245614 0.534942084942085 1 0.5561403508771929 0.4907335907335907 1 0.5085964912280702 0.44536679536679535 1 0.0 0.0 0 0.0 0.0 0
4 0.36736842105263157 0.20096525096525095 0.05070175438596492 0.10347490347490348 0.34464912280701754 0.1521235521235521 1 0.3907894736842105 0.19999999999999998 1 0.34456140350877196 0.24922779922779922 1 0.0 0.0 0 0.0 0.0 0
0 0.8939473684210526 0.6435328185328186 0.020877192982456102 0.14324324324324322 0.8997982456140351 0.5748455598455599 1 0.8999473684210527 0.7114864864864865 1 0.0 0.0 0 0.0 0.0 0 0.0 0.0 0
7 0.4584912280701754 0.9547104247104247 0.02456140350877188 0.040154440154440176 0.45815789473684204 0.9372972972972973 1 0.0 0.0 0 0.0 0.0 0 0.0 0.0 0 0.0 0.0 0
4 0.26666666666666666 0.19806949806949806 0.05298245614035086 0.09845559845559845 0.2431578947368421 0.15231660231660232 1 0.2920175438596491 0.19942084942084942 1 0.24342105263157895 0.24382239382239382 1 0.0 0.0 0 0.0 0.0 0
4 0.5715350877192982 0.1969111969111969 0.05622807017543861 0.10154440154440156 0.5969298245614035 0.14922779922779922 1 0.5443859649122808 0.1998069498069498 1 0.5971052631578948 0.24517374517374518 1 0.0 0.0 0 0.0 0.0 0
4 0.8758771929824561 0.19729729729729728 0.054385964912280704 0.09806949806949807 0.8996491228070175 0.15193050193050195 1 0.8499122807017544 0.19922779922779923 1 0.8997368421052632 0.24401544401544403 1 0.0 0.0 0 0.0 0.0 0
8 0.4583640350877194 0.42805019305019304 0.08320175438596493 0.23926640926640927 0.45825438596491225 0.31378378378378374 1 0.4709035087719299 0.5427992277992278 1 0.4456140350877193 0.5423552123552123 1 0.0 0.0 0 0.0 0.0 0
