4 0.578525243578388 0.6088851802403205 0.04709477413640386 0.0917356475300401 0.6004340124003543 0.6524432576769026 1 0.5565899025686448 0.6088117489986649 1 0.60022143489814 0.5674365821094793 1 0.0 0.0 0 0.0 0.0 0
4 0.43932683790965454 0.45052736982643526 0.047652790079716525 0.09758344459279043 0.46084145261293175 0.40377837116154874 1 0.417422497785651 0.4507476635514019 1 0.46084145261293175 0.49230974632843794 1 0.0 0.0 0 0.0 0.0 0
4 0.44085031000885744 0.29384512683578107 0.04733392382639509 0.10389853137516689 0.46084145261293175 0.2451802403204272 1 0.41895482728077943 0.29407209612817087 1 0.46085031000885734 0.3425901201602137 1 0.0 0.0 0 0.0 0.0 0
4 0.3011071744906998 0.29399198931909215 0.04632418069087689 0.0985313751668892 0.32137289636846766 0.24648865153538052 1 0.27987599645704164 0.2939652870493992 1 0.32137289636846766 0.3385580774365821 1 0.0 0.0 0 0.0 0.0 0
4 0.20239149689991143 0.2938584779706275 0.045527015057573055 0.0982643524699599 0.18197519929140832 0.2468090787716956 1 0.22283436669619133 0.29364485981308414 1 0.18155004428697963 0.3356742323097463 1 0.0 0.0 0 0.0 0.0 0
4 0.4811514614703277 0.6088584779706275 0.045385296722763514 0.08962616822429906 0.46040744021257746 0.6507343124165553 1 0.5021346324180691 0.6088117489986649 1 0.46039858281665186 0.5664753004005341 1 0.0 0.0 0 0.0 0.0 0
4 0.29989813994685566 0.608324432576769 0.0478033658104517 0.09571428571428571 0.32152347209920284 0.6528704939919893 1 0.277466784765279 0.6088785046728972 1 0.32152347209920284 0.5626835781041388 1 0.0 0.0 0 0.0 0.0 0
4 0.3007307351638618 0.7669626168224298 0.04613817537643931 0.09464619492656874 0.3210983170947741 0.8116154873164219 1 0.2791674047829938 0.7667022696929239 1 0.32152347209920284 0.7227636849132176 1 0.0 0.0 0 0.0 0.0 0
4 0.20190434012400355 0.7671628838451269 0.04455270150575729 0.09504672897196269 0.18166519043401239 0.8113484646194927 1 0.2225597874224978 0.767022696929239 1 0.18148804251550044 0.7221228304405874 1 0.0 0.0 0 0.0 0.0 0
4 0.20345438441098315 0.6087449933244327 0.048007085916740494 0.09439252336448596 0.18170062001771478 0.6525100133511349 1 0.22468556244464127 0.6085580774365821 1 0.18170062001771478 0.5652469959946596 1 0.0 0.0 0 0.0 0.0 0
4 0.8585208148804251 0.1354472630173565 0.0465367581930912 0.09732977303070761 0.8790699734278122 0.08862483311081441 1 0.836696191319752 0.13559412550066757 1 0.8788308237378212 0.18090787716955942 1 0.0 0.0 0 0.0 0.0 0
4 0.719273693534101 0.1353404539385848 0.04917626217891948 0.09257676902536714 0.7394154118689105 0.09212283044058744 1 0.6967227635075288 0.1356475300400534 1 0.7393268379096546 0.17850467289719624 1 0.0 0.0 0 0.0 0.0 0
4 0.34242692648361384 0.1354472630173565 0.047121346324180684 0.10240320427236317 0.3208945969884854 0.08774365821094793 1 0.3625155004428698 0.13547396528704939 1 0.32143489813994686 0.18130841121495328 1 0.0 0.0 0 0.0 0.0 0
4 0.6220549158547387 0.4510080106809079 0.04765279007971662 0.10546061415220295 0.6000177147918512 0.40224299065420555 1 0.6436846767050487 0.4511214953271028 1 0.6000177147918512 0.49616822429906543 1 0.0 0.0 0 0.0 0.0 0
4 0.4807573073516386 0.7664886515353805 0.045659875996457 0.08945260347129506 0.46061116031886623 0.8086648865153538 1 0.5029849424269265 0.7666355140186917 1 0.46061116031886623 0.7233377837116155 1 0.0 0.0 0 0.0 0.0 0
4 0.7195659875996457 0.6084779706275033 0.04922940655447292 0.08825100133511352 0.7394242692648361 0.6485580774365821 1 0.6968556244464128 0.6084646194926568 1 0.7394242692648361 0.5667556742323098 1 0.0 0.0 0 0.0 0.0 0
4 0.719251550044287 0.7665554072096128 0.04558901682905228 0.08905206942590126 0.7394154118689105 0.8081441922563417 1 0.698565101860053 0.7669292389853137 1 0.7394242692648361 0.7236181575433912 1 0.0 0.0 0 0.0 0.0 0
4 0.578875110717449 0.7666622162883845 0.04738706820194863 0.08696929238985313 0.6004340124003543 0.8067423230974633 1 0.5570150575730736 0.7666355140186917 1 0.60022143489814 0.7259012016021362 1 0.0 0.0 0 0.0 0.0 0
4 0.19868910540301152 0.449799732977303 0.051514614703277235 0.0985313751668892 0.18193091231178035 0.403871829105474 1 0.22232063773250665 0.45140186915887853 1 0.18193091231178035 0.49559412550066756 1 0.0 0.0 0 0.0 0.0 0
4 0.30058015943312666 0.4528704939919893 0.054304694419840566 0.11081441922563418 0.32116917626217895 0.3997329773030707 1 0.2751195748449956 0.4507877169559412 1 0.32134632418069087 0.5048064085447264 1 0.0 0.0 0 0.0 0.0 0
