1 0.6538388888888889 0.7580370370370371 0.1032777777777777 0.12619753086419758 0.6546 0.697679012345679 1 0.6546 0.8177654320987654 1 0.0 0.0 0 0.0 0.0 0 0.0 0.0 0
0 0.5400555555555555 0.26030246913580246 0.06046666666666668 0.2042839506172839 0.5399555555555555 0.15943209876543207 1 0.5403333333333333 0.35875308641975306 1 0.0 0.0 0 0.0 0.0 0 0.0 0.0 0
0 0.5420666666666667 0.7632037037037037 0.060511111111111154 0.1950493827160494 0.5405555555555556 0.6687654320987655 1 0.5405888888888889 0.858358024691358 1 0.0 0.0 0 0.0 0.0 0 0.0 0.0 0
7 0.5403333333333333 0.9497592592592593 0.08088888888888897 0.08354320987654316 0.5402555555555556 0.9094938271604939 1 0.0 0.0 0 0.0 0.0 0 0.0 0.0 0 0.0 0.0 0
3 0.49121111111111115 0.5062716049382716 0.10826666666666666 0.18237037037037032 0.5403333333333333 0.5925925925925926 1 0.4412111111111111 0.5080370370370371 1 0.5403555555555556 0.41943209876543214 1 0.0 0.0 0 0.0 0.0 0
0 0.8480444444444445 0.6343888888888889 0.05520000000000007 0.2182592592592593 0.848588888888889 0.5278641975308642 1 0.8490888888888888 0.739604938271605 1 0.0 0.0 0 0.0 0.0 0 0.0 0.0 0
0 0.3115833333333333 0.6980185185185185 0.059633333333333316 0.2114691358024691 0.3118666666666667 0.5945925925925926 1 0.31251111111111113 0.8016913580246914 1 0.0 0.0 0 0.0 0.0 0 0.0 0.0 0
0 0.3137055555555555 0.3216419753086419 0.06416666666666664 0.20274074074074075 0.3120555555555556 0.2214567901234568 1 0.3120555555555556 0.42076543209876544 1 0.0 0.0 0 0.0 0.0 0 0.0 0.0 0
1 0.19505000000000003 0.5097098765432099 0.11092222222222224 0.11660493827160492 0.142 0.5074074074074074 1 0.24811111111111112 0.5085185185185185 1 0.0 0.0 0 0.0 0.0 0 0.0 0.0 0
1 0.7018277777777777 0.38166666666666665 0.12552222222222226 0.11217283950617278 0.6412111111111112 0.381 1 0.7598 0.37993827160493826 1 0.0 0.0 0 0.0 0.0 0 0.0 0.0 0
