4 0.5201438848920863 0.2561557788944724 0.09352517985611511 0.11055276381909548 0.5624700239808154 0.203643216080402 1 0.47685851318944844 0.2562814070351759 1 0.5619904076738609 0.3084170854271357 1 0.0 0.0 0 0.0 0.0 0
1 0.17705635491606714 0.7577575376884421 0.051402877697841715 0.05599246231155785 0.17640287769784174 0.7827512562814071 1 0.17615107913669065 0.7326005025125628 1 0.0 0.0 0 0.0 0.0 0 0.0 0.0 0
1 0.379220623501199 0.7575439698492462 0.050383693045563525 0.05332914572864327 0.3789208633093525 0.7330150753768845 1 0.37917266187050364 0.7808417085427135 1 0.0 0.0 0 0.0 0.0 0 0.0 0.0 0
0 0.8105755395683453 0.6591582914572863 0.04580335731414874 0.09954773869346728 0.8101558752997602 0.6122738693467337 1 0.8101558752997602 0.704711055276382 1 0.0 0.0 0 0.0 0.0 0 0.0 0.0 0
0 0.8103537170263789 0.49175879396984923 0.04365707434052754 0.10258793969849242 0.8101918465227819 0.4423869346733668 1 0.8101918465227819 0.540929648241206 1 0.0 0.0 0 0.0 0.0 0 0.0 0.0 0
0 0.5623980815347721 0.6936620603015075 0.04529976019184656 0.10239949748743718 0.562158273381295 0.6456155778894472 1 0.5625179856115108 0.7415326633165829 1 0.0 0.0 0 0.0 0.0 0 0.0 0.0 0
0 0.3796762589928057 0.6285992462311558 0.04733812949640283 0.10559045226130655 0.3794244604316547 0.5778517587939699 1 0.3783693045563549 0.6778391959798994 1 0.0 0.0 0 0.0 0.0 0 0.0 0.0 0
0 0.17664268585131893 0.6276947236180904 0.04326139088729018 0.10079145728643218 0.17586330935251798 0.5801507537688443 1 0.17586330935251798 0.6742085427135678 1 0.0 0.0 0 0.0 0.0 0 0.0 0.0 0
7 0.17652278177458033 0.9451256281407034 0.047505995203836936 0.042211055276381935 0.1766906474820144 0.9254773869346733 1 0.0 0.0 0 0.0 0.0 0 0.0 0.0 0 0.0 0.0 0
7 0.37947242206235016 0.9444597989949748 0.047074340527577925 0.04266331658291462 0.37866906474820144 0.9255653266331658 1 0.0 0.0 0 0.0 0.0 0 0.0 0.0 0 0.0 0.0 0
7 0.5627038369304556 0.9457977386934674 0.04622302158273383 0.0417713567839196 0.5622541966426858 0.9267085427135678 1 0.0 0.0 0 0.0 0.0 0 0.0 0.0 0 0.0 0.0 0
7 0.8103177458033574 0.9465515075376885 0.04665467625899277 0.03865577889447234 0.8107673860911271 0.9295854271356785 1 0.0 0.0 0 0.0 0.0 0 0.0 0.0 0 0.0 0.0 0
4 0.7718824940047961 0.7984359296482413 0.08621103117506006 0.11167085427135677 0.8109232613908872 0.852675879396985 1 0.7303836930455635 0.7984422110552764 1 0.8104796163069545 0.7451507537688442 1 0.0 0.0 0 0.0 0.0 0
4 0.7711630695443645 0.2556218592964824 0.08717026378896887 0.10853015075376883 0.810431654676259 0.203391959798995 1 0.7311750599520384 0.2557788944723618 1 0.810431654676259 0.30728643216080403 1 0.0 0.0 0 0.0 0.0 0
