4 0.551062091503268 0.8670738636363636 0.04493464052287582 0.09346590909090913 0.5699564270152506 0.9111742424242425 1 0.5298366013071896 0.8667613636363636 1 0.5694662309368191 0.8234848484848485 1
4 0.8529030501089324 0.7339109848484848 0.048006535947712474 0.08445075757575764 0.8733551198257081 0.773219696969697 1 0.830119825708061 0.7342234848484849 1 0.8733551198257081 0.6946401515151515 1
4 0.8164161220043573 0.8674337121212121 0.04638344226579525 0.09244318181818183 0.8347058823529412 0.9110227272727273 1 0.7940958605664489 0.8677462121212122 1 0.8343790849673203 0.8239015151515151 1
4 0.9342047930283225 0.8672348484848484 0.04880174291938993 0.09284090909090917 0.9133115468409586 0.9110227272727273 1 0.9570261437908496 0.868314393939394 1 0.9139651416122004 0.824469696969697 1
4 0.6764542483660131 0.6455208333333334 0.05149237472766883 0.08244318181818187 0.6971786492374727 0.6848106060606061 1 0.6519172113289761 0.6456628787878789 1 0.6967211328976035 0.6063068181818182 1
4 0.6759912854030501 0.39299242424242425 0.05289760348583884 0.08749999999999998 0.6964052287581699 0.3509469696969697 1 0.6509259259259259 0.3940530303030303 1 0.696971677559913 0.4345833333333333 1
4 0.3172657952069717 0.3937594696969697 0.05065359477124183 0.08672348484848488 0.29582788671023963 0.3524621212121212 1 0.3410239651416122 0.3940340909090909 1 0.2961655773420479 0.4344507575757576 1
4 0.4618191721132898 0.5827367424242424 0.045424836601307174 0.08895833333333339 0.48110021786492374 0.6250757575757576 1 0.44074074074074077 0.5833333333333334 1 0.4813725490196078 0.539905303030303 1
4 0.9073420479302833 0.5828125000000001 0.045403050108932405 0.08456439393939401 0.926797385620915 0.6232196969696969 1 0.8863834422657952 0.5831439393939394 1 0.9266339869281045 0.5426515151515151 1
4 0.44360566448801747 0.3091761363636364 0.04930283224400871 0.08850378787878792 0.42320261437908496 0.26856060606060606 1 0.46677559912854033 0.30890151515151515 1 0.42320261437908496 0.35018939393939397 1
4 0.19962418300653595 0.16905303030303032 0.049357298474945535 0.09333333333333334 0.17886710239651415 0.12518939393939393 1 0.2227668845315904 0.16912878787878788 1 0.1789760348583878 0.2125 1
4 0.19951525054466232 0.30860795454545453 0.0495751633986928 0.0919507575757576 0.1786492374727669 0.265719696969697 1 0.22265795206971678 0.30890151515151515 1 0.17799564270152507 0.3515151515151515 1
4 0.4431644880174292 0.16886363636363635 0.048856209150326825 0.09295454545454546 0.4229847494553377 0.12518939393939393 1 0.4662309368191721 0.16893939393939394 1 0.42320261437908496 0.21174242424242423 1
4 0.5508169934640522 0.16864583333333333 0.04782135076252727 0.09327651515151515 0.5701525054466231 0.12428030303030303 1 0.5282244008714597 0.1686931818181818 1 0.5699891067538126 0.2128219696969697 1
4 0.549400871459695 0.30913825757575764 0.04934640522875818 0.08835227272727274 0.5700544662309368 0.26666666666666666 1 0.5257080610021787 0.30818181818181817 1 0.5705119825708062 0.35128787878787876 1
4 0.8151851851851852 0.16864583333333333 0.04607843137254897 0.0880871212121212 0.8345315904139434 0.12668560606060605 1 0.7935947712418301 0.16797348484848484 1 0.8350762527233115 0.2097159090909091 1
4 0.9327886710239651 0.16864583333333333 0.0457516339869281 0.0880871212121212 0.9135403050108932 0.12668560606060605 1 0.9547385620915033 0.1682007575757576 1 0.9140849673202615 0.21018939393939395 1
4 0.8518572984749455 0.3090909090909091 0.05164488017429203 0.08333333333333333 0.8734204793028322 0.2693371212121212 1 0.8277342047930283 0.30833333333333335 1 0.8735838779956427 0.3478977272727273 1
4 0.8445370370370371 0.45918560606060604 0.047244008714596955 0.07708333333333336 0.8249455337690631 0.495094696969697 1 0.8668627450980392 0.4589393939393939 1 0.8249455337690631 0.4227840909090909 1
4 0.5278322440087146 0.45883522727272724 0.04738562091503268 0.09066287878787874 0.5082244008714597 0.4153977272727273 1 0.5499782135076252 0.45810606060606057 1 0.5083660130718954 0.5014962121212122 1
4 0.5936056644880175 0.5823579545454546 0.04612200435729851 0.08251893939393938 0.6133006535947713 0.6210984848484848 1 0.5712745098039215 0.5831439393939394 1 0.6128867102396515 0.5430113636363636 1
4 0.396900871459695 0.45882575757575755 0.047614379084967295 0.0808333333333334 0.37672113289760345 0.4207954545454546 1 0.4193028322440087 0.4583712121212121 1 0.3770588235294117 0.4965151515151516 1
4 0.10977668845315905 0.6453409090909091 0.04593681917211329 0.0876515151515151 0.1289760348583878 0.6037878787878788 1 0.08832244008714597 0.6447916666666667 1 0.1288562091503268 0.6872727272727273 1
4 0.2503976034858388 0.643655303030303 0.04741830065359477 0.09034090909090907 0.22942265795206973 0.599715909090909 1 0.2725490196078431 0.6433712121212121 1 0.22956427015250547 0.6867992424242424 1
4 0.31570806100217863 0.6455492424242425 0.04710239651416123 0.09375 0.29601307189542486 0.6893939393939394 1 0.3375054466230937 0.6467045454545454 1 0.29601307189542486 0.5994886363636364 1
4 0.551781045751634 0.733655303030303 0.05027233115468413 0.09534090909090916 0.5711002178649237 0.7790719696969698 1 0.5272113289760348 0.7332196969696969 1 0.5696296296296296 0.6882386363636364 1
4 0.4440087145969499 0.7335416666666666 0.05076252723311543 0.09556818181818189 0.4225816993464052 0.7776325757575757 1 0.4676034858387799 0.7337878787878788 1 0.4225816993464052 0.6876704545454545 1
4 0.4420751633986928 0.8670454545454546 0.04833333333333334 0.09356060606060601 0.4225816993464052 0.9108901515151515 1 0.4644989106753813 0.8676136363636364 1 0.42323529411764704 0.8214772727272728 1
