0 0.4010925925925926 0.7476548672566371 0.029722222222222244 0.1279941002949852 0.40085185185185185 0.685575221238938 1 0.401037037037037 0.8088790560471976 1 0.0 0.0 0 0.0 0.0 0 0.0 0.0 0
0 0.19474074074074074 0.3802507374631268 0.049907407407407414 0.08758112094395279 0.17187962962962963 0.37952802359882004 1 0.21749074074074073 0.37952802359882004 1 0.0 0.0 0 0.0 0.0 0 0.0 0.0 0
0 0.2796018518518519 0.2266371681415929 0.028203703703703686 0.17203539823008848 0.27928703703703706 0.14622418879056048 1 0.27928703703703706 0.3059882005899705 1 0.0 0.0 0 0.0 0.0 0 0.0 0.0 0
0 0.5551157407407408 0.6945427728613569 0.02860185185185184 0.13185840707964608 0.5553611111111111 0.6323893805309735 1 0.5553611111111111 0.7560176991150444 1 0.0 0.0 0 0.0 0.0 0 0.0 0.0 0
1 0.24241666666666667 0.38448377581120946 0.03629629629629631 0.10643067846607669 0.22619444444444445 0.3825368731563422 1 0.2590462962962963 0.3812684365781711 1 0.0 0.0 0 0.0 0.0 0 0.0 0.0 0
1 0.4965324074074075 0.7252654867256637 0.03206481481481481 0.10764011799410032 0.4960185185185186 0.7719764011799409 1 0.49550925925925926 0.6760176991150442 1 0.0 0.0 0 0.0 0.0 0 0.0 0.0 0
0 0.6991481481481481 0.7502802359882005 0.02925925925925928 0.13088495575221232 0.6991666666666667 0.6867256637168142 1 0.6990740740740741 0.8138643067846607 1 0.0 0.0 0 0.0 0.0 0 0.0 0.0 0
0 0.6294953703703704 0.30958702064896754 0.028972222222222187 0.12212389380530975 0.6294166666666666 0.24952802359882006 1 0.6292314814814816 0.36870206489675517 1 0.0 0.0 0 0.0 0.0 0 0.0 0.0 0
3 0.6844629629629629 0.5362536873156342 0.03327777777777783 0.18271386430678466 0.6992777777777778 0.6236283185840708 1 0.6686481481481481 0.533480825958702 1 0.6994351851851852 0.4476106194690266 1 0.0 0.0 0 0.0 0.0 0
3 0.49560185185185185 0.5548230088495576 0.05638888888888892 0.14528023598820058 0.4683981481481482 0.5340117994100295 1 0.4958518518518518 0.6220058997050147 1 0.522824074074074 0.533480825958702 1 0.0 0.0 0 0.0 0.0 0
3 0.3306064814814815 0.37696165191740416 0.03371296296296293 0.16731563421828907 0.3448611111111111 0.4540117994100295 1 0.31471296296296297 0.38041297935103247 1 0.3450185185185185 0.29772861356932157 1 0.0 0.0 0 0.0 0.0 0
1 0.5935 0.5353392330383482 0.04625925925925929 0.10460176991150445 0.5724166666666667 0.5335988200589971 1 0.6152037037037037 0.5320648967551622 1 0.0 0.0 0 0.0 0.0 0 0.0 0.0 0
5 0.15128703703703703 0.5063274336283186 0.034074074074074055 0.1636283185840708 0.1512314814814815 0.5827433628318585 1 0.15181481481481482 0.42858407079646016 1 0.0 0.0 0 0.0 0.0 0 0.0 0.0 0
6 0.3447638888888889 0.7207964601769912 0.03363888888888887 0.1471976401179941 0.3447222222222222 0.6507374631268437 1 0.34435185185185185 0.7887905604719764 1 0.0 0.0 0 0.0 0.0 0 0.0 0.0 0
7 0.15129629629629626 0.6423893805309734 0.02092592592592592 0.07120943952802364 0.15127777777777776 0.608731563421829 1 0.0 0.0 0 0.0 0.0 0 0.0 0.0 0 0.0 0.0 0
0 0.4013981481481481 0.3105014749262537 0.028722222222222205 0.12814159292035399 0.401037037037037 0.24772861356932155 1 0.401037037037037 0.3719174041297935 1 0.0 0.0 0 0.0 0.0 0 0.0 0.0 0
