4 0.29799357945425364 0.3641535776614311 0.0301765650080257 0.07958115183246073 0.3109951845906902 0.3267015706806283 1 0.2842696629213483 0.3649214659685864 1 0.3111556982343499 0.4017452006980803 1
4 0.2964686998394863 0.5486038394415358 0.03386837881219903 0.08778359511343807 0.3110754414125201 0.5904013961605585 1 0.28154093097913324 0.5485165794066318 1 0.3109149277688603 0.5071553228621292 1
4 0.696067415730337 0.43970331588132633 0.03065810593900476 0.08464223385689354 0.70884430176565 0.399022687609075 1 0.6818057784911717 0.43973821989528794 1 0.7085072231139646 0.4790575916230366 1
4 0.8036918138041733 0.4398778359511344 0.030497592295345103 0.08474694589877832 0.7903691813804173 0.400174520069808 1 0.8174959871589085 0.4399650959860384 1 0.7907704654895665 0.47888307155322857 1
4 0.1623996789727127 0.3550610820244328 0.030417335473515255 0.08743455497382198 0.14967897271268057 0.31291448516579407 1 0.17667736757624397 0.3552356020942409 1 0.1502808988764045 0.39696335078534034 1
4 0.13751203852327445 0.7105584642233856 0.03634028892455859 0.09755671902268767 0.1508828250401284 0.7569982547993019 1 0.12054574638844301 0.7106457242582896 1 0.1502808988764045 0.6643804537521815 1
4 0.08234349919743178 0.7058464223385689 0.033707865168539325 0.09511343804537521 0.0687800963081862 0.7504363001745201 1 0.09807383627608347 0.7108202443280978 1 0.0674959871589085 0.6604712041884817 1
4 0.05409309791332264 0.3531413612565445 0.033386837881219905 0.09127399650959862 0.06829855537720705 0.3092495636998255 1 0.038202247191011236 0.3546247818499127 1 0.0674959871589085 0.39696335078534034 1
4 0.24971107544141252 0.2437434554973822 0.032006420545746386 0.08912739965095985 0.23587479935794542 0.20102966841186737 1 0.26443017656500806 0.2438394415357766 1 0.23659711075441414 0.28534031413612565 1
4 0.2977126805778491 0.24362129144851657 0.031219903691813787 0.08926701570680627 0.3108908507223114 0.20102966841186737 1 0.28314606741573034 0.243804537521815 1 0.31074638844301766 0.28546247818499126 1
4 0.2496388443017656 0.36422338568935425 0.03073836276083468 0.07958115183246073 0.2364285714285714 0.3261780104712042 1 0.2641492776886035 0.36446771378708553 1 0.23698234349919742 0.4012739965095986 1
4 0.2217897271268058 0.5485253054101221 0.03619582664526482 0.09425828970331586 0.23651685393258426 0.5917975567190227 1 0.2048956661316212 0.5486910994764398 1 0.23723916532905298 0.5045375218150088 1
